30 55 650 0 564.46
   0.0000      0.0000      0
  5.7735      0.0000     40
  2.8867      5.0000     40
 -2.8868      5.0000     40
 -5.7735      0.0000     40
 -2.8867     -5.0000     40
  2.8868     -5.0000     40
  8.6603      5.0000     40
  0.0000     10.0000     40
 -8.6603      5.0000     40
 -8.6603     -5.0000     40
  0.0000    -10.0000     40
  8.6603     -5.0000     40
  5.3405      0.7500     10
  3.3198      4.2500     10
  6.4952     -1.2500     10
  7.2169     -2.5000     20
  7.9386     -3.7500     10
  6.4952      1.2500     10
  7.2169      2.5000     20
  7.9386      3.7500     10
  2.0207      5.0000     10
 -2.0207      5.0000     10
  4.3301      5.0000     10
  5.7735      5.0000     20
  7.2169      5.0000     10
  2.1651      6.2500     10
  1.4434      7.5000     20
  0.7217      8.7500     10
 -3.3198      4.2500     10
 -5.3405      0.7500     10